1 38.737443 -9.140805
1 38.737399 -9.140787
1 38.737352 -9.140765
1 38.737305 -9.140743
1 38.737144 -9.140684
1 38.737100 -9.140670
2 38.737055 -9.140657
2 38.737251 -9.140541
2 38.737210 -9.140525
2 38.737089 -9.140488
2 38.737045 -9.140473
2 38.736992 -9.140458
2 38.736527 -9.141651
2 38.736533 -9.141558
2 38.736537 -9.141475
2 38.736549 -9.141392
3 38.736558 -9.141288
3 38.736566 -9.141196
3 38.736573 -9.141115
3 38.736583 -9.141017
3 38.736596 -9.140885
3 38.738268 -9.138291
3 38.738247 -9.138172
3 38.738230 -9.138100
3 38.738205 -9.138005
3 38.738184 -9.137916
3 38.738152 -9.137816
3 38.738135 -9.137733
3 38.738098 -9.137636
3 38.738064 -9.137534